000
001
002
003
004
005
006
008
011
013
014
015
016
018
019
021
022
023
026
028
031
035
038
040
041
042
043
044
045
047
049
051
052
053
055
056
057
058
059
060
062
063
065
068
070
071
073
074
075
077
078
079
080
081
083
086
088
089
092
095
098
099
100
101
102
103
104
106
107
109
110
111
112
113
116
117
118
119
120
121
122
123
124
126
128
130
133
134
135
136
137
138
139
140
141
145
146
147
148
149
150
153
154
155
156
157
158
159
160
161
162
163
164
165
166
167
170
171
172
173
174
175
176
177
178
179
180
181
182
185
186
188
190
192
193
194
195
198
199
200
202
204
206
207
208
209
213
214
215
216
217
219
220
221
222
223
225
226
228
229
230
232
233
234
235
236
237
238
239
240
243
244
246
248
250
251
252
255
257
258
259
260
261
262
263
265
266
271
272
273
275
276
277
281
283
287
288
289
290
292
294
295
296
298
299
301
302
303
304
305
306
309
310
311
312
313
314
316
318
320
321
322
323
324
325
326
329
330
331
332
334
335
338
339
341
342
344
345
346
347
348
349
351
355
356
361
363
366
367
372
373
375
376
378
380
381
382
383
385
386
388
389
390
391
393
397
398
403
406
408
409
410
411
412
413
414
416
419
420
421
423
424
425
426
427
428
429
430
431
433
434
435
437
438
439
440
442
443
444
445
446
447
451
452
454
455
457
458
460
461
462
463
464
465
467
470
472
473
474
475
476
478
479
480
484
485
488
489
491
493
494
497
498
499
500
501
502
507
508
509
510
512
513
514
515
517
518
521
524
525
526
529
530
531
532
533
535
536
537
538
540
543
544
545
549
551
554
556
558
559
560
561
563
564
565
566
567
568
569
570
572
573
574
576
579
580
582
583
584
585
586
587
588
590
591
592
593
594
596
598
